20259 8477 6425 27956 2175 24985 10260 16781 10456 4774 3567 21586
23482 7957 23274 24947 18672 12959 32670 26342 16702 2548 4754 12327
27496 12466 7177 16067 31358 4049 32160 19269 14412 15393 16829 4638
1661 14410 4558 6415 20101 14352 9454 8530 18876 22169 3423 30571
15405 11981 9387 2788 9137 25685 6719 13942 32418 20576 32227 24083
14375 10342 21000 16347 22292 27161 8944 26661 30495 8034 1507 8566
22920 29197 25251 20393 3377 19211 1372 2296 7750 18159 31152 15208
30730 12692 2780 18579 2192 28604 24318 20512 10732 25860 9096 23893
6388 23725 2867 5639 28022 31991 1085 1843 28271 25228 1305 27230
6433 5024 15630 7275 28185 22629 11626 18350 13014 20459 9069 27517
8721 24876 27074 31155 31385 10463 30470 27475 25971 2769 15698 3603
12548 8873 10197 14760 31403 12647 1227 31408 1491 2526 114 2447
16611 16228 23891 20846 10504 4401 30429 28597 31040 6182 4983 4498
16423 4653 1976 25019 26488 15618 7121 26462 2071 20565 7365 4949
3704 3650 15248 16013 20488 26507 3231 27909 13580 24692 6063 14293
8539 14443 5600 29068 27240 7044 11972 4031 7968 8284 20052 18803
17141 5882 20965 27310 986 9878 699 30780 20009 15955 24842 2152
7299 13803 851 32256 23622 11894 25186 17088 762 9762 24611 17663
5402 7875 18157 9953 9420 2971 14749 15711 31547 8678 18275 24335
1370 9135 25986 660 30453 31105 21189 17600 27021 31150 21734 26460
1648 28688 929 6302 27669 6374 29624 4527 13274 30135 28713 15251
1585 12990 4154 3521 14292 4384 4390 3207 12419 13230 13739 3324
15664 19775 13888 23848 15412 12832 249 13138 3316 12997 18604 17614
29312 2798 23221 18664 6657 25580 19472 30109 17545 9283 31843 27531
20534 16299 7550 534 5239 17110 3972 25407 23634 16922 27145 6017
28013 13346 17546 5910 27297 10559 3433 9114 10890 8854 20766 15603
20347 25673 7400 25047 15850 31334 2983 18012 29543 9249 9513 18501
32540 25590 31568 30120 6888 16120 26621 20636 22667 24182 20415 10433
15519 8365 3558 10319 1973 8839 3653 12387 28743 8334 28050 18055
2238 19698 26962 24719 3222 31124 2900 31486 30494 8744 3785 29235
15567 26563 24917 19391 8854 30667 20448 17040 14105 7792 29581 22549
6800 265 9949 12543 28531 17644 8373 30571 12669 11682 3780 11627
111 9042 5803 23725 5547 24313 30499 28514 14770 5890 15696 29694
22520 12182 25986 1783 2125 16403 17505 1888 28373 198 2973 4121
170 20139 2362 26887 8855 11681 32470 25312 4035 9181 21143 1770
3698 3739 14373 10434 12590 30802 9798 5736 19458 19956 27744 21154
12209 21042 2940 22437 17965 4435 6258 14132 22002 21272 8726 6190
8477 21150 23785 1285 22449 910 1946 12153 20558 28309 8955 25767
11835 27161 16455 13003 31790 28867 15909 8775 11113 7515 7814 12814
28699 16527 2559 26170 11581 20179 12369 25243 22944 23025 4248 10353
23635 9306 21628 22506 28963 20304 12963 5741 27783 22145 32110 374
4321 28130 11882 27294 879 3330 7891 693 5565 23860 22883 20050
10540 25964 28968 6724 13210 24572 20752 14918 10071 3087 32425 10903
30145 1009 3088 9570 26031 2886 22708 22250 30816 8421 30305 7087
9772 27189 25475 1944 18567 26354 28213 12640 20481 3775 17174 11923
29431 30414 6798 8490 8809 23234 16769 8081 2633 26549 23333 12116
30799 19317 12320 23700 21649 16352 12796 13667 7276 12315 23444 6209
563 14105 27694 1524 7732 3484 22088 25497 9684 8666 9033 16941
25697 27049 10420 24127 11304 17491 23750 32184 29854 29320 23694 19795
22247 7966 17215 1409 9945 17521 30541 5390 32418 28698 696 12516
1236 11123 13992 8057 24682 1969 13593 15462 3808 21891 20452 18292
18139 676 7841 6365 10174 24359 22417 6133 2366 7127 26950 18878
30547 8624 28748 14635 27087 14648 25143 24949 433 24613 21175 13800
15022 13511 9388 25778 11515 13271 16519 5330 5021 27316 30057 28003
11007 29173 16713 31741 20025 20233 834 16382 23244 23687 16351 2742
28597 32185 12234 5709 18070 25367 18868 2210 7065 6144 30989 5590
15802 16138 31375 28754 24009 4059 15600 1075 28588 9261 18426 9514
10494 23050 31575 23472 17381 9232 18205 27626 11113 13811 3164 7697
11817 11198 28483 19754 14603 9984 9306 19525 26669 13403 25272 20929
8911 32373 20559 12806 21636 21228 19836 25718 8930 17514 16404 15518
28857 12932 15995 15676 23006 17539 11542 20420 10990 3509 10045 19876
9503 28046 17888 11471 944 18885 27973 6314 6987 10020 19015 15731
26266 22276 7617 5554 1529 20653 15134 338 20086 25443 14691 20811
19655 30594 13865 3557 25788 18786 5884 7956 5319 21042 28 2396
21294 5344 20284 4905 15723 4598 28037 24611 19419 22038 3747 15496
20586 9243 5181 31390 30889 28518 23595 15800 17413 23674 9081 3950
23227 20681 26634 8146 21171 15421 2776 14139 21824 13262 15307 24824
4061 6396 8223 29879 29208 11376 4464 31711 16681 14239 1257 7711
10999 31963 15299 19923 12912 32328 18843 4072 2421 4932 876 31965
17418 15813 30135 30012 3242 14947 27371 6263 25972 28124 20322 26482
3980 31704 26409 24630 10253 13815 4066 26506 24320 20344 4851 27084
31623 1141 27813 30853 412 31871 4807 32551 6668 23236 19671 23135
15368 32716 25374 6030 10766 6688 1107 7323 19043 19752 17351 569
4830 27722 6951 30228 30036 14759 18083 18884 13377 19266 5922 25391
19668 6521 6888 13618 13049 6181 21051 17303 7806 9963 25905 11805
10158 15897 3757 17723 25933 24669 19412 27846 24406 18497 29118 6242
32161 3580 27179 29474 27670 21608 21080 11833 19624 29224 23226 1860
21271 20998 22573 9220 10712 31728 26904 28815 5229 22630 23417 4632
3521 17132 25666 23177 6207 7975 5170 12824 27831 210 12866 10677
24402 19024 7967 1368 9859 13418 21179 16799 24526 4398 13317 1179
7317 21473 32438 440 13679 10233 8780 28332 13805 1019 3913 19700
28905 32748 389 28483 17557 14086 9119 18667 27727 25283 10838 8465
13995 26975 4657 8780 22273 14629 19285 4394 12351 10304 14064 26094
14868 20055 1402 16654 17055 31992 19007 18828 11164 17510 15670 26009
29797 20122 3484 7702 29583 3400 12059 20708 18466 23671 18070 27116
8812 948 27314 2024 19349 28630 9929 8392 24869 6920 19468 26694
5052 15754 27481 16645 1339 1142 32236 23112 22714 25234 10355 19707
20612 25158 3431 9473 3697 29229 8672 15853 14248 15501 602 59
24061 16309 10735 15502 26756 480 29448 12781 4164 8017 23225 23320
20379 32104 31783 14510 17713 19102 31465 32232 26576 18023 18649 18199
22440 6078 5994 1519 24432 29940 26744 25061 9612 21965 23784 14515
11376 15751 11155 31658 92 23684 9371 29831 27794 11128 8075 15433
1945 27945 24464 2648 27693 10636 26075 26365 13434 23915 27633 23853
24824 5854 29734 14528 26004 32764 10151 2365 19328 4900 26453 15889
32591 14594 23056 8869 8905 2311 26617 13673 15899 4450 2140 4962
19250 30489 25185 30742 3843 25115 5924 26166 15723 28310 23926 9985
26931 17378 25875 4566 6541 19949 13539 31641 8942 5245 27543 17629
22897 24679 13873 5907 7931 17414 3973 4176 6938 30574 3993 25669
5629 26327 20398 22537 28257 30480 2919 30021 20575 11428 8399 15516
30777 16494 8440 6747 10738 8142 20894 1952 27738 16607 4675 4184
