14887 12588 31673 29229 16262 19913 2803 4620 10823 17591 3728 28073
15182 18964 10732 5932 32113 20343 14126 25601 23498 18183 18839 10140
9907 28009 15802 23327 31512 16210 22803 19318 29559 22721 14760 31486
137 27970 18388 21695 651 8059 880 19627 11001 32237 30378 18132
11000 8198 16239 13096 22376 12410 26023 25122 21508 29122 7371 31668
6605 457 22194 27754 26651 5529 3382 4843 16053 31322 27413 19665
29030 6381 7257 14910 3271 10715 17153 11555 32472 26888 17439 6204
20062 23254 29757 9243 10572 452 17110 5070 660 7315 14951 4512
25129 9828 10027 9263 17542 32405 15176 9777 10352 8358 14628 16233
14412 13329 63 29516 17208 15784 2796 12375 28138 22782 11903 19646
2056 32337 16809 25791 5316 3698 32470 25256 18987 10284 3872 14533
19618 29669 4095 29855 18214 23595 19191 28035 3004 256 29548 201
23006 14449 19168 2958 16993 10729 9380 26642 10745 22702 11989 30049
3288 3468 10777 2848 12626 9765 27281 2893 15935 26503 32598 5862
4842 379 785 567 6466 26746 16517 2940 20901 29491 18700 26018
7243 17821 30999 7352 18416 10409 7701 15094 7167 21866 29475 7033
17313 17388 31818 720 28846 31660 1204 1587 18006 23614 6396 26829
8639 19984 7478 6442 26953 21572 27723 20039 18314 31701 9304 23905
16433 6196 13506 1144 745 15671 1812 1106 22923 21377 27816 24176
12513 23125 13013 30632 24422 31655 17050 23049 25239 30924 17869 28560
269 7780 1797 12772 13092 23338 18294 20999 1291 15213 20397 17423
28420 13253 4811 154 11887 7605 492 20444 7478 2897 18864 30342
30319 5571 29035 21945 11042 26716 7917 1306 17029 19691 4340 15665
312 24111 9421 22866 29119 27170 4020 9227 31898 12120 289 24096
13059 11282 6968 18969 22342 32239 29695 12371 28611 13987 17610 19740
15789 26946 8087 4245 32269 19348 4271 10412 27531 10971 27784 31941
10775 28439 6257 31739 31020 26089 20395 6109 23114 21300 10387 3653
8168 22477 9174 22459 30528 17459 18877 15127 9522 19533 6230 4290
2885 3790 21710 31399 15446 26765 15497 166 22775 26174 16488 4993
17569 28550 4569 31917 8216 16995 16366 28157 7985 30706 25664 26797
4279 5403 26817 6495 27002 3392 11284 6997 9467 8797 14941 27669
31886 5698 1349 11740 26327 21136 12618 8194 12580 30342 9820 2272
26224 31152 14889 1368 29592 19883 24216 7987 8367 28728 7296 22943
30985 2778 11348 3869 3631 2656 30145 8625 7877 24500 28466 4717
29655 23460 16615 21072 18516 22740 29059 5788 14118 21497 17812 8401
15281 9729 18747 25516 30362 20128 4598 22942 28981 8143 1518 7404
2216 4390 10267 20130 7152 1881 6013 13907 24307 18661 24833 18539
6678 17706 28735 28554 6404 7015 9178 27054 16982 28686 31406 1832
10080 16743 29273 28989 2515 11822 9912 13229 20639 17775 11377 28113
28063 13417 10326 23001 25416 19726 5379 15213 8130 13815 15949 28685
7406 3015 32228 24194 28555 19307 13315 26420 11415 5539 19266 31499
14919 13991 21277 13660 26215 8755 26934 5610 24223 27524 28475 17113
31401 8053 22666 2816 22404 26757 16270 9361 24344 27517 4102 12091
3525 9370 7260 6799 16882 14691 20526 15118 14947 28273 6689 17149
10051 31485 17842 23544 18722 30451 28529 7871 25140 4001 16474 30381
5424 19460 30282 19272 10470 13088 12501 6893 3574 21435 25647 30144
16511 30082 29390 26160 30655 19952 8491 11035 19287 30197 25834 1073
19494 3486 19476 29885 21579 18269 25454 8875 20300 16087 24394 15396
6677 4808 14645 6978 9973 24622 5430 26566 12290 698 14701 19200
9831 25257 5183 4543 28342 8022 4509 9188 30579 30157 15964 14930
13559 4523 15929 16767 7513 24456 6081 22896 724 28613 11598 3577
11209 26231 27229 16224 29284 8603 157 1531 26979 11317 32664 5124
28825 807 6897 3113 7745 28756 30548 21548 19419 13803 1355 23567
32655 17294 23651 7019 18351 20474 30379 2620 16825 30550 2062 10062
14631 359 19692 20375 4631 24364 24662 20466 18313 14659 6662 16025
27010 6811 30060 25527 13949 6363 29763 5577 30257 16785 14039 1696
7043 26729 27183 26692 28774 25250 13542 14371 15527 20164 17933 17324
4306 27269 27403 27513 1744 30259 13073 25931 29175 24036 28720 4074
545 30454 24007 1739 19905 28450 26871 19725 25736 22708 23873 1588
7087 11324 16443 14223 14220 9032 9450 14218 27473 22576 2376 10754
10273 13354 1798 19559 13618 1686 9024 25985 18851 14844 3223 14149
19009 13220 32168 22007 9145 1337 30 30186 31228 26221 16012 9004
22227 27784 31374 20654 32117 18814 18121 1535 27118 10859 30847 1116
3618 13330 22219 27685 17555 21054 14590 30102 6037 28008 26792 17135
31383 30326 3346 18856 28615 16438 19649 27530 255 500 32242 26164
1894 3458 693 28475 22238 24280 593 26693 14391 19106 106 19919
798 19020 4219 21672 6928 1022 23485 9172 4192 11910 331 15353
30099 19949 18384 32030 5526 32059 28809 3767 15259 28356 22645 13057
11904 11322 23546 8642 6846 953 15599 7126 21636 19234 25150 6483
26512 24132 28639 21451 937 6088 10360 12001 23605 31087 17023 29672
12670 8175 14597 5455 17196 15891 6596 15325 31281 25644 14926 2415
11121 16213 4005 27043 31117 27700 4862 13001 22850 7627 20117 23055
24231 26283 4499 7465 16543 23764 7134 16940 9974 32133 21118 32093
10490 23205 10659 14046 29158 129 14540 4833 17420 18280 22465 2122
25968 17809 31184 30580 2924 15311 22456 15060 27962 9248 28693 5454
22 21704 27003 19191 19604 17164 31839 28225 7133 32143 24743 18012
28257 20324 30461 14228 5419 22958 1135 13521 17653 232 18006 24794
13125 11758 16807 28571 21608 21263 9145 3312 12060 3427 12899 7832
11476 23151 21368 4830 27248 4270 18477 10853 29378 29992 20901 28385
8133 28451 2065 23552 18843 10517 20267 16785 29641 13637 31979 23389
25886 20794 30521 28290 25189 11478 19325 11442 32310 25958 18903 6647
18067 5708 29857 13259 32545 32206 15151 22890 4312 29176 28989 13019
29017 12625 26077 23277 22046 6573 26182 15683 18386 25992 31382 14886
19874 27715 30303 6048 23721 13925 19653 20203 30434 9466 18229 5732
17632 3419 627 27853 17479 16663 2247 164 15680 2986 7678 13450
10743 23960 23346 31389 4410 19454 15419 28051 10294 6111 30163 11093
11630 19321 7317 16652 15536 29498 5600 29050 16126 18579 26254 9718
22841 29906 13519 11265 5240 31158 24945 27358 18857 16570 13521 9428
2099 8663 403 13899 15135 19788 31620 29705 10123 27311 11153 32294
7822 21796 20808 29651 26047 32064 8175 12661 19082 23823 16747 30792
6608 31324 2275 15887 28872 14179 32074 21552 30937 17306 23845 21467
10035 14510 27566 8676 10378 10542 23865 31521 762 17623 8281 2836
10904 766 14228 5707 26614 27729 27941 14242 18190 17096 5188 9447
26969 11018 24076 10696 18910 15627 17809 2695 25322 3921 16494 14399
412 27518 26833 20167 14815 3812 21101 10218 14939 21598 3317 25240
10266 29204 10174 30346 1283 17255 28954 2305 25159 22660 32520 13104
15692 4984 1428 27530 24560 21721 9016 23595 11052 3580 22608 12122
30643 22265 19663 20728 2479 26448 30463 2969 3543 18462 18433 2230
13983 19399 8337 21853 5211 9653 14569 3425 6153 13853 23088 23881
237 25946 12624 12130 9530 19286 14105 10431 26909 4382 3058 25600
1656 20087 13934 17575 1622 10480 24227 15821 31657 20822 6798 13649
13583 7252 5782 30314 28911 6775 14208 25413 5141 16410 15570 8295
4844 32333 12100 30449 2833 17972 12476 24734 26996 28625 14291 12644
15144 5375 18411 14325 4807 6180 13554 9302 20573 19161 13301 17248
1793 7631 7957 21740 28678 21432 32192 6661 29519 27484 5854 4896
19391 3609 15137 15492 9510 6861 21187 21370 6201 28797 26201 4985
7874 10011 13124 24616 14588 22843 29419 23974 5364 24421 881 8154
18873 22011 30827 28865 20045 19658 895 25452 29736 15523 17452 31922
11520 2477 28852 28034 13777 30556 30228 26047 32293 27665 29411 20170
686 8539 32689 3497 8092 22442 11000 7843 10346 29042 14825 16256
17553 19984 14048 2071 22127 26740 26538 4159 26048 26300 5851 20540
14458 3838 29930 24176 21507 28426 7582 8309 13930 2741 13830 5502
12271 18293 11360 10589 26013 23459 257 16556 9162 22783 10767 28343
22610 8850 20392 28509 25766 10604 14664 19550 28711 22525 28733 21999
23500 23474 23051 14041 6307 7935 18292 15146 7790 27407 21775 32190
30396 25150 6345 1368 7235 3939 848 7489 28698 2849 29647 28036
20467 2409 27727 25784 15962 15294 2887 12555 6794 7870 28188 15430
29922 28858 27392 27909 579 10284 578 23235 3039 2813 6457 5289
7232 784 11274 25907 20446 19173 10515 29256 30603 29893 32767 6533
5280 22021 8567 17393 10943 10014 16581 32439 23572 28274 13145 19417
13236 3341 11842 11769 25507 10221 3924 10807 9225 28541 18430 5778
29551 6788 3160 12022 21570 31202 11090 21400 27169 19713 16241 25268
14552 11998 14179 5504 17415 21560 23785 3719 7923 7651 18561 13025
32374 13481 1874 21883 15275 1003 26292 30143 4215 11101 13099 26796
13445 20012 23101 5502 23672 2315 25601 20145 31503 17909 12330 14295
13150 15335 29931 17032 8338 5677 8497 22679 23993 17907 6234 2238
7051 5516 27312 7396 2172 10983 88 12975 14545 21956 28532 31984
19187 28552 6052 20804 28677 32626 24924 5648 10959 12884 29294 21699
4392 11072 7411 16745 31004 24332 12173 11550 24562 14756 6972 15098
11063 18035 23147 28118 8729 14613 19502 15109 6316 1552 15456 7862
31210 19693 4291 6573 29234 25503 8665 23913 29092 2248 14334 11008
18088 984 13063 15721 2863 808 4005 23631 7667 25669 6040 17267
3349 14591 11648 23029 14895 14990 28204 23815 20534 18958 4776 29094
29593 25743 16680 19037 28492 4615 21595 23484 22388 22510 449 17172
9645 15407 30384 29984 13746 5972 25558 18841 10386 22543 31140 11414
31766 14863 24127 21836 4360 21540 14740 32692 14868 19997 6020 32304
13333 1251 28715 29342 7812 10947 9926 24208 59 32274 8469 3252
21655 24669 20333 19549 12791 31230 21432 4253 1960 31099 7233 6086
4944 14479 4350 20096 24248 20786 26859 23726 21135 28568 4373 17776
3571 31359 30961 21673 22328 28684 26749 7220 26232 28265 1288 9659
21880 30055 28207 30495 20896 1101 8204 20040 32315 4635 26244 9005
12978 1537 25099 31957 17390 3349 31710 1677 13816 2693 17478 6230
3649 32129 19371 3930 31936 20824 3643 31241 13286 3061 9063 30258
2526 1204 3613 27183 24848 32436 6970 8526 10137 30748 10404 27233
23207 24733 2252 23368 12053 14587 15755 10645 18224 17456 19385 7010
32201 14223 19607 31582 8748 15159 17980 16016 4935 17165 18871 24984
24543 29457 5922 5554 4263 2824 23783 4522 32023 10463 1246 22633
8458 20621 10561 4126 17679 5936 6144 29696 31361 23600 32065 24414
29009 17490 9436 15191 10198 8354 12625 27363 32039 25122 31295 931
29559 11427 8624 19375 4426 23557 5265 23694 15073 22074 9251 13123
6549 19923 9901 32637 9167 16024 14813 248 26773 15121 31141 1879
12198 214 7462 21257 9916 18686 27562 16285 2860 7011 21991 20625
13045 9439 195 10866 20978 3543 24306 1496 26285 4782 9562 29372
23580 4201 3312 7416 11464 21236 15108 17493 410 26713 30932 26592
21169 16114 8485 19891 30084 19924 19164 24455 15636 18214 13316 5128
30390 604 3232 11819 10381 25154 6656 9490 5783 24646 24361 17444
29830 11635 394 26198 15319 28277 509 13705 4461 22914 12797 31010
28167 14829 10046 5643 25855 31580 3546 16510 21205 19164 25051 9914
11082 25163 27536 247 13014 15044 23751 15656 13434 27728 9308 18240
1653 9712 31283 26497 26098 13770 14889 7014 7656 9187 24782 8046
16963 24645 4747 4185 31079 13665 12302 4720 11604 8284 12731 9879
24470 5797 21887 25154 31239 12866 25829 12840 322 21918 17316 2179
31016 341 12524 6844 19250 2750 31507 27765 10783 8731 17449 8171
21600 16642 6176 441 17632 3239 22269 13601 18383 16578 11771 32102
29999 7375 2618 6292 22858 12895 14511 14020 9341 14641 2176 22881
12809 3648 26413 28736 6177 19021 10463 31091 13861 28464 30642 27568
14061 10649 15765 18582 9065 26227 13513 20825 22681 17353 359 17278
23582 4576 12685 28840 32757 26935 21349 11299 3087 22486 32125 23020
13792 9773 6083 23640 23677 19617 15071 15333 27320 11657 15658 18119
29093 12993 24223 14527 17494 14566 18664 19731 27530 28337 26866 2448
8537 13120 23632 16909 348 30583 29549 14259 2539 23013 31149 8492
32288 4099 30625 4090 14867 24336 22732 3717 6723 21588 12278 26593
12094 19998 28070 32751 20293 4996 26270 21731 9032 5211 8054 14354
21658 31551 4974 23365 14832 31607 1901 16703 20259 8165 11488 29751
1262 21960 6176 3369 18615 11666 179 2758 28048 23212 10336 28355
5691 14263 9681 32286 15614 28572 2928 9262 6247 21959 11073 31805
21250 20828 15086 8410 6167 23840 13760 8044 10433 26942 15549 25954
13972 21103 19259 21852 23854 14951 7035 18762 14217 19290 19046 7140
23586 25444 28109 31302 12501 13955 28526 16092 8369 4359 10686 8012
24839 17877 25222 31297 28492 4476 16288 30612 18138 15069 18244 2389
935 31812 8467 14431 13607 20644 2506 21373 24548 19534 25742 30162
26469 19453 6300 983 25130 28870 12497 8017 22400 18174 27512 16458
1892 1674 6489 22123 21748 2510 2780 19253 11587 11039 22896 4587
3125 9218 9747 28908 25028 13663 18202 14946 19888 10259 16257 26981
2310 7732 16407 23976 31939 7111 28599 13438 1578 3226 29231 18295
736 7096 1527 25522 28197 31920 14453 20546 17542 25967 30929 10340
32344 2230 1249 11345 6009 10220 21869 10292 17639 14245 2731 3814
22149 4838 2782 5990 28006 5456 23281 11486 22713 13131 12783 26485
20843 26804 10679 604 3032 16322 14203 3383 18977 2082 12701 28834
17487 19743 383 5618 6460 25038 21644 20886 5790 13051 9998 14046
30031 29167 9170 27892 19794 3732 28590 19632 26107 5662 25435 17890
17244 6072 23664 2908 3833 16205 13301 25044 17708 4045 9488 23656
26101 23471 3673 14923 22790 17527 13026 27329 16868 7763 9451 2351
9820 9121 16938 12806 23139 19360 6821 30581 26912 27993 7508 9820
7762 20635 6351 25485 32440 5321 22639 6423 30865 7411 16570 12089
5745 1008 17629 20918 13531 29684 28177 26599 12631 32239 31807 23684
1264 28486 13381 31139 30845 31199 30539 8528 16642 16505 31488 1758
4922 30986 14228 12354 4591 12470 19839 7493 24847 28545 21395 31845
4201 10702 15981 3841 21352 4883 27617 19763 9897 28505 32352 8467
15549 17216 26293 13602 30117 24718 18662 19633 20149 8674 16784 9483
17892 13028 26653 9343 14501 7359 3165 2334 16012 10697 7285 3599
13903 16134 25154 6874 3170 14451 19817 19516 21223 29434 12782 13565
9452 14558 12021 11012 26364 18957 30948 28426 16050 24998 8796 5559
30442 13736 27354 11472 12888 26780 13630 11926 10307 3634 20849 30323
11547 2187 15014 15322 13982 25944 12585 8753 23737 10217 21262 24428
19386 22478 13805 8449 5366 24714 11547 28329 30028 29258 9281 22434
4442 25407 29383 10831 32391 6629 14117 1124 5953 31771 9826 8768
14888 18166 29933 10085 4478 9670 14675 11843 20902 7657 22422 882
25212 2458 8878 31837 31432 3929 28398 2349 17556 28667 28882 18069
9703 32264 6002 31072 22909 15752 19377 2215 23247 1508 26333 24310
3231 24328 16031 23764 4455 11197 16239 15161 27038 16803 27689 19938
23453 22675 14537 21662 11428 31872 587 25558 6159 21031 8165 7951
15587 7166 1647 6462 25553 20796 3149 25914 30486 27142 28801 32094
32035 23720 24603 15101 26100 21004 27856 9431 30798 27749 7508 10218
16877 2778 15645 5415 1101 7297 31713 4697 17039 26374 5220 28119
28371 1857 5322 30584 12066 11482 21820 5487 30916 21777 30755 26868
11763 22636 30950 32679 29173 22295 20498 27845 7218 20934 23223 17739
28039 874 26384 931 1334 22026 18581 1213 20954 26210 19762 16070
28676 22708 13275 12482 19069 2868 14041 5394 11870 28511 1432 6051
32721 10709 8538 21964 2126 2515 15654 15632 4824 28273 2784 19577
23085 3123 3204 20545 7306 28057 7349 22003 5934 31752 12891 16306
3448 27821 10895 12054 1618 19420 10570 23668 24960 29414 6535 12302
5062 22741 15555 25203 15736 20295 29078 19485 8839 29458 19691 5579
2249 3095 30581 20277 23220 6823 3390 15824 23516 1818 6219 7647
25814 23761 28038 6766 25445 11346 31639 6503 28288 26486 9699 7072
23668 28056 18309 11655 9257 21464 17412 9936 21833 19262 11882 24820
31137 703 6041 28929 21351 27581 379 24909 13258 25046 18182 1689
27899 31196 2813 6751 1155 29492 3133 14027 30698 19141 7960 15528
32295 26568 22376 3842 27970 15782 7804 2287 11816 3660 31904 11876
23536 9030 2409 31279 32108 29086 4818 16799 20472 30029 18123 5025
25283 18594 11655 6516 25531 20372 8212 14747 11536 18014 1683 20652
780 10294 11818 9633 10977 20107 10633 5243 15929 19936 21028 24946
23766 3391 22963 6669 2793 5730 11213 24107 8489 24048 3317 29097
16714 14407 31124 6965 31666 1002 10816 295 20128 5874 16229 9428
13397 5297 6710 8380 17123 27880 16893 9556 23334 23887 17183 28633
13666 24231 29076 27751 9208 4001 20512 3970 30374 16347 28740 10469
2754 26321 19094 28990 24012 12594 5342 9580 10183 18916 26709 458
6499 3499 32547 8516 20146 18828 17441 1745 22088 23409 30154 28151
18689 4190 11850 21204 31616 28412 8891 29798 2570 25213 10526 14737
10323 3027 32021 10572 3124 20308 17687 10483 17262 4429 5060 26928
27895 2202 27536 25437 10616 18554 5071 22057 31033 20668 5007 21907
30824 13976 22330 31184 5112 18857 9305 2576 24397 31604 16427 3851
22847 29600 26739 1636 22157 24987 13637 31033 15429 11860 22094 18123
4028 7246 601 21801 8752 8090 21797 4775 21834 10859 3610 1346
197 18771 13168 11686 6358 13000 16716 12289 18253 20547 2563 5708
599 16360 14812 19986 12518 5080 30709 5047 1835 21941 3652 19606
18238 27188 9676 4841 15674 27142 19801 17342 8299 30764 24637 28483
23549 6714 8633 10025 18054 13430 21933 31754 7390 23816 26826 32431
22214 10732 28837 5512 26074 6739 2822 25092 8716 3827 8158 31072
24522 8126 20173 11563 13555 31332 28029 27444 29848 25062 28436 13515
13136 29622 30462 28377 12065 31374 22273 8082 31292 18109 28628 29424
9077 30653 24674 29229 2357 7675 29431 24737 3027 29913 6998 25401
31926 23784 22753 28413 17893 566 19033 27778 32245 4461 20582 30238
31469 32046 13164 21424 8336 27380 2741 4642 5536 1173 4065 9718
508 6070 32543 26792 15034 13113 219 27532 4792 5230 3675 11138
1442 117 12001 30312 17378 27626 4843 23500 26648 20156 26213 14631
25215 13012 22492 28425 26500 13887 6687 7361 26039 1903 22379 25899
8683 9785 12473 3779 29274 13233 1001 23156 7699 3824 30945 12720
28665 751 16835 5580 11744 9210 7219 4585 13618 5639 30487 14714
21859 1965 11607 20465 9166 24823 8935 11670 2702 12177 30474 1058
9224 18611 5118 20547 1684 12917 18312 23110 21584 7759 5247 22467
32387 31505 26030 20633 12885 3922 11257 17929 8727 25102 16807 24902
28831 31429 27207 10911 30734 2763 18186 7360 20764 10675 28884 11703
7960 10098 22049 28446 25110 25264 12871 10220 9102 31732 7816 14917
10878 21994 21424 7388 22017 12005 31810 2007 24990 8098 6966 11010
18360 18659 1793 6910 20370 13516 2238 18943 23171 259 9535 519
22663 16665 1040 3195 10300 8047 27285 9163 481 8329 11880 24354
31728 4186 23388 18893 23942 10810 30569 24213 18095 23924 12688 8269
21352 28139 7792 31370 14002 2157 329 13783 2000 3310 32033 23152
9348 2641 10634 24923 18496 171 32578 25767 14230 8529 3286 23934
15840 24274 27367 6075 9446 10693 25047 7227 8559 12232 11675 21914
7128 16684 3154 328 19717 15500 19088 21705 2421 8908 17044 20841
29552 1264 28896 11229 29373 31028 8147 12807 11254 31981 21651 23947
4029 4546 5450 20031 22996 17748 17530 29221 5245 14368 5857 24319
32065 3436 26508 15271 29268 10036 2752 30900 15571 25235 24408 24271
1478 11021 7096 1099 3629 32755 930 23586 31626 31812 2895 17003
12400 17649 21060 10682 20014 29571 23350 27785 15012 7673 26483 28893
6749 2784 10443 32315 6938 8956 3992 32491 11870 14987 17367 3067
17777 12429 21851 26853 26637 1969 12535 28786 8004 24126 31434 11521
16204 23058 4640 19204 11941 4943 31197 18914 17792 6691 10854 26905
11228 17661 24500 16685 9764 12992 10777 5904 21563 10991 21262 325
12616 11318 21886 32623 446 14380 28509 31765 4064 26594 28897 27350
11854 9747 32635 4567 3864 6572 3174 9925 30094 2599 22264 3046
29644 4588 16028 11208 2229 31008 28895 29836 16753 5788 1540 16933
20845 7186 14089 21711 10353 17613 16832 17559 21772 14536 655 22738
2422 19978 7118 19141 2495 13226 1184 31998 13534 3178 10905 28656
14147 25040 30518 11430 3346 20668 14772 11942 28840 29695 12856 15714
17069 12653 17449 10312 24138 9866 32760 18165 13414 27109 27599 5946
12364 32154 14651 28783 17153 17131 560 31034 31523 4829 14478 19686
15193 7334 11478 16367 6302 27337 23644 20957 23841 30761 4867 29702
21521 22290 1128 3541 30928 16550 10759 27777 19871 18658 13989 16796
15529 13638 17893 3608 28904 27461 16119 26906 30211 31655 21418 25950
23884 24755 18723 24462 5833 9947 15488 6874 14416 12223 29430 13234
16090 8473 9715 20703 14282 23847 30571 24379 20807 18533 7771 7241
12789 10759 1466 6612 22577 13193 15091 32453 26590 21108 2504 23280
29044 10436 6707 10139 30021 12638 21261 17643 20575 12831 12236 12053
12436 4648 10074 13069 22319 31520 19782 21805 16246 12922 4862 13187
10659 18279 1723 831 30238 115 22019 2501 872 17407 27309 20604
14362 27762 24134 29655 30038 14789 30133 30833 5689 6224 28543 10185
19951 13643 2774 16262 18286 11362 2282 24135 19528 19621 10210 12708
25026 25114 15625 25026 10313 1195 16835 7853 14447 23666 5037 3981
16016 7295 2166 13490 23580 26407 32124 4337 24952 22771 2126 3127
10711 11513 15940 1490 17091 27718 15588 29377 9012 21723 18036 17680
23374 7568 1499 10860 24946 10727 19359 31804 31856 21828 2322 17920
18829 4932 406 15470 7871 13137 24871 29715 23758 1983 21204 3112
22374 6875 31713 10937 31651 14352 18863 20243 11854 22913 20310 29301
12487 11123 19190 12625 3851 14405 2424 18206 21743 18907 9273 27805
24811 2329 2487 30683 30289 7753 6913 7265 17172 1403 27711 25304
29484 9191 27329 25101 28278 23936 21571 6342 10032 24353 10025 15708
3347 12840 7787 15428 22550 14894 24094 15545 24802 19760 17932 4087
30802 625 2240 19380 22734 24989 15580 19224 21339 21538 23587 22248
20045 18368 25784 11429 8954 8285 27026 15758 22892 8276 5875 32460
10300 21945 4210 1417 5984 31991 6513 6064 164 18304 19372 10523
30890 129 15228 30535 2133 21546 18590 10266 31658 8476 27021 25545
21031 17759 10957 5964 7780 30741 29435 26640 10533 30581 17087 16714
7655 31276 12820 2763 28427 25938 15250 4681 11233 27374 27150 24053
11042 814 25273 3459 16417 27702 3532 31343 18866 28154 29023 26721
23061 14202 22519 18234 3507 12491 3430 17667 29455 9136 16112 21678
10737 18476 27638 15126 19386 18404 26608 23321 1565 7008 31678 16835
15449 19339 24638 12145 22514 1962 22418 1278 5611 10590 4503 3057
10679 25801 7489 25710 17701 11376 4028 11584 32113 23899 10946 154
11790 29668 21725 20647 14434 32071 30604 11524 6196 21633 2385 29117
23755 27878 6340 13182 27481 23400 11520 13507 14821 6424 13804 25695
18876 7565 20835 2031 31906 13874 20923 29854 32068 17862 5962 16091
14495 10810 8756 12306 7653 31801 17687 3080 5321 18518 12575 11940
23545 30676 22768 5516 22111 8020 4048 17517 28993 8087 7796 8421
22995 19663 423 17992 23415 13394 16803 2839 27448 985 16869 20712
851 27895 30173 9649 13865 26693 20391 9969 21514 3397 23336 25805
28793 24183 12738 31968 29436 19143 1805 9231 29670 12899 15461 23952
23607 31201 16564 2828 24729 15337 2574 30963 15912 26029 30023 26314
13282 5684 2755 19785 10485 7927 4505 2606 1975 12847 817 14681
22349 22101 8527 29167 10004 24367 19274 3368 31599 28618 27291 17030
17283 3341 1917 27746 27933 18082 907 19965 21459 26426 25937 18391
12170 26003 24168 13966 22708 18177 28091 24028 21084 26444 25835 21861
1573 15526 25364 795 16062 32575 18047 1229 27055 5549 20826 17066
20285 24473 30953 19071 10464 13895 13025 7334 5607 15334 20673 28642
4808 14576 27174 1524 12272 27897 29842 23595 13326 23524 5031 4520
1566 20595 27484 15851 24755 19609 6867 26031 30794 6011 23389 32082
27873 28417 25160 16080 27595 9233 2571 4777 27588 24710 11181 11012
16565 21338 678 9981 32324 18066 24271 14015 22697 24194 19788 31783
1258 27902 22949 1614 12050 31815 23188 31140 20670 5511 8181 13749
7732 12127 16303 22200 26377 17051 6561 30165 17209 3747 15354 24783
22175 2161 26375 20948 26463 20611 4980 23316 8596 17054 25092 18215
438 11760 14150 12495 1912 1774 4727 6355 3659 174 32149 6730
8082 32107 14687 14148 964 28787 18638 7004 21142 6442 24692 9314
30825 2270 24526 2005 20732 7075 5996 26408 7369 29458 29300 24892
27671 8397 6189 26233 13872 19343 21643 16090 5144 2213 20655 20178
30860 2021 4978 21293 32032 28117 24494 29007 7508 10922 10591 23271
18179 17885 20927 8718 3071 14856 12537 24611 30094 6425 22843 23001
4261 29364 15871 1951 464 10862 24938 7455 4124 28041 23744 31146
21110 2737 8392 22624 10969 24848 13613 23313 1808 28473 22598 14491
30446 21498 5772 30463 725 4996 552 12251 11624 17493 31182 6166
26980 19536 21345 18067 5169 22341 20757 27129 5625 21237 29651 16898
12056 970 1407 3642 11733 6369 14449 9909 25785 20736 10019 6304
2381 24084 19770 22605 29338 12266 1911 16191 27076 3261 30894 10253
4508 28863 13205 8068 18460 18255 22004 10558 23818 23363 13702 14132
29561 19463 32033 14512 1319 8143 10449 29422 8761 5445 13094 21267
16384 27600 50 5565 26808 23764 9668 16546 31187 26865 32213 31229
8587 30413 26596 32720 1339 12974 28647 26990 29261 19166 21461 4782
2928 4762 31639 10090 30979 31822 11557 3169 24325 31566 6464 1084
22985 15256 21201 22199 9684 15160 11096 15276 20977 20414 7878 3085
29985 1178 29088 25847 20030 8559 7446 15288 26431 14094 15539 21658
535 31113 25041 13402 11898 6755 31641 9858 28885 3511 12374 6900
21509 13753 13309 312 10478 19895 31565 19300 12781 1093 11231 27730
9622 26207 12498 23094 12961 10639 16544 9498 375 21723 20255 15498
14908 434 495 17935 24388 6096 6029 32729 21255 4494 24644 20650
2334 19231 4119 2265 5537 21401 14095 5819 31522 8737 27422 18213
8882 8610 25501 10931 4961 6987 1852 7644 6755 8308 18877 19704
27706 28976 23562 14019 27939 23624 11834 11835 30654 5845 16283 7982
23052 30428 2048 5093 30333 22623 2387 27729 2731 32270 32754 13100
11193 7683 9009 5188 9146 21652 25127 6448 30252 31356 11161 29952
31027 10246 21470 24490 17958 16189 5988 336 930 14085 24680 9989
599 18293 12402 20632 2054 24666 3551 30064 12282 7988 20663 19251
15579 4567 117 9893 31047 31647 21506 28398 10177 6573 23097 11210
4597 4896 27308 26647 24702 15106 11390 22886 31488 28994 24529 25664
29236 1801 31834 19043 26694 4126 16313 11397 10563 7155 12230 3462
10644 24702 19465 16056 32404 432 30404 1794 17750 19412 3075 24600
3816 29261 17589 7330 6410 7394 24834 7942 5627 21065 505 23926
3045 13412 27863 23497 15004 5375 19054 10943 6713 15831 19460 14206
20176 5815 2664 24122 28768 30446 9959 12134 31358 4657 7376 16722
16623 15698 7651 18854 24418 21131 21250 332 30742 7804 31882 7804
8974 15450 1039 6328 10934 16940 1902 27156 31685 31670 15444 31712
19529 5298 1162 17859 23456 16947 29405 13130 32133 24614 11980 7965
30935 2418 23534 9704 21151 31815 24591 6519 9198 2199 13792 22558
15595 13184 29173 18947 26028 22580 30106 31486 27964 16876 10270 27852
6340 18327 20258 29900 10875 8381 32523 31395 4140 4894 14753 21825
21223 1893 17197 30057 31264 27488 13499 8077 3410 22190 25878 25898
24698 10798 31188 28776 26478 14978 24474 16754 27480 14218 29627 15560
13160 17388 836 14606 5983 12506 27069 17599 10136 12161 27959 27006
4018 12574 18474 1982 9494 2607 24372 8022 26730 21539 29777 15565
29549 17699 21526 4840 24318 10867 10578 7491 29647 29036 11760 13862
21770 16829 32441 27743 9921 9193 20980 4301 17867 18803 22126 8982
19899 32506 825 28444 18634 2275 4351 30041 1262 17038 6196 16484
10491 11669 28341 514 12087 30624 31149 5225 14975 7356 21273 24109
11521 16003 10321 7728 2853 19968 1604 31948 32425 20185 17550 29446
18344 6681 11969 23816 5401 25380 11328 31595 21043 16845 17434 23371
22507 9759 5878 12567 500 1249 9929 11726 28893 27393 16531 10535
27608 3533 24865 1329 32217 30977 30016 2811 5413 27027 31071 7031
23369 18174 3953 794 27685 5811 28492 16369 1175 3558 20276 13416
29924 18967 21768 20463 29579 26714 8908 10619 7203 23649 15625 15212
24844 9424 11441 27387 17358 15267 1232 15923 19521 24531 18343 28206
24532 32424 30902 8482 5734 17309 6979 5231 19513 32183 15502 25463
17631 20494 31418 27824 26691 13622 16975 8220 12739 19185 16601 4959
6593 9822 5763 17483 23605 20335 13210 29018 3406 12607 30300 22276
2783 30974 13027 32525 28343 2214 30017 17507 2283 17806 11557 31912
12724 16168 4656 25692 11664 4829 17830 26203 7380 25594 20253 9701
2145 19533 4115 2481 3268 23289 28364 25032 13118 28238 31355 23703
6108 4362 28509 31688 17404 12268 27137 15457 14910 4490 21550 21993
25407 25114 24659 5974 16784 32354 7854 2523 19251 23983 12112 22242
11451 21769 26883 7022 29678 16227 7124 9862 18933 6971 273 21765
954 32010 23434 3659 32272 4632 1739 10984 10691 2913 14979 15632
6478 9226 24225 29190 1743 12519 17549 9975 22439 20494 26629 29723
29739 31428 7240 2093 614 16461 11909 16393 27326 9065 7271 1234
17635 19276 12222 5005 11479 12233 1444 31015 9897 25083 20170 23114
25837 24465 25954 19814 15383 17819 3042 25033 112 1054 4830 27653
22837 29788 2658 19768 14185 28648 3760 5830 26661 7514 11724 27472
28696 32144 12424 32057 18478 190 6253 19099 11860 11028 3019 658
27653 23277 7645 14189 8878 2070 31174 23009 2398 14692 11739 9727
19615 10465 6651 31422 11623 7956 6318 32173 2739 16889 25501 299
28108 10740 11120 25204 19536 28765 6640 10844 11384 21468 24743 8733
18418 10108 1656 27853 25693 17443 11516 3607 15741 4421 862 25182
16792 326 29508 11302 4052 29616 25993 20433 18277 24632 11154 7490
432 7629 18225 15030 11582 29557 23409 8421 17548 18 15305 24169
26345 5032 12427 11724 30821 732 22861 8755 32242 19949 16469 17097
18104 10503 20994 23226 2930 13920 859 5807 32318 27022 7811 1463
29622 22884 21669 23584 30434 11217 18507 22691 24331 10036 27967 773
4680 2132 7110 5691 17501 3000 8457 12880 19368 21890 8781 17582
15288 25245 2223 26201 13241 31715 8627 5992 21616 20225 8241 8798
4 21849 6919 3852 11377 19349 26725 3565 28317 14651 9285 31009
10492 28449 32367 168 15435 9720 25994 4835 17656 18037 26257 4135
6768 1902 8665 2301 25612 29495 23533 23290 9064 15429 453 28621
7483 11962 24065 23387 3958 11943 4677 17209 31894 855 32532 11229
2214 30848 27795 32327 933 1681 20336 28177 22739 24306 4055 9378
18869 23030 27783 16200 17674 26648 8056 23448 7595 6476 29690 31884
8370 9585 17697 15026 6983 6907 9243 17570 13663 15734 26199 5653
5948 6874 32705 13343 6543 10180 3822 30071 12867 10624 24814 20982
10590 3038 15937 26119 1984 32655 21359 23830 10295 20423 16984 21271
25696 6490 15062 28837 6505 23443 21059 19775 1382 13733 4339 25446
4786 2463 575 7785 11725 5674 26189 8698 16859 22779 6553 15742
21813 17187 21451 25835 22469 1823 25219 22681 24516 28225 19135 26800
10767 30055 27403 22649 18698 20450 18280 12893 17968 18987 29031 31041
16402 6422 17058 20521 32176 714 19188 30312 26116 19615 4337 27671
8472 32523 23073 23761 24793 8305 12098 13831 15073 11952 24540 5558
6438 11491 13795 7834 27758 605 32533 31050 16111 30185 15017 1099
5408 2708 12966 32762 5675 7662 9690 25128 20306 22909 27725 31429
17187 20495 13617 25856 6814 20099 13511 11988 1760 5470 9265 20737
17464 32685 26423 8704 29549 16808 22762 5728 12831 16327 21581 26071
17326 341 7726 4484 6943 24247 29049 3963 4073 23186 29385 4761
10988 7456 27094 5546 8877 13377 15552 12518 27990 29086 6444 15146
5325 24846 9744 11619 1129 18669 3109 4975 5974 23642 18707 20881
9792 27819 4537 14311 28804 3078 7266 14188 14644 19038 740 29112
17810 14897 2544 10147 5221 14387 21389 4212 27669 5893 8871 12392
14290 32148 10740 8414 5801 23451 18926 1345 17382 2417 10199 28092
6263 32724 32282 6459 4877 26781 23756 12995 29554 27154 529 31679
103 13036 27374 22478 25337 32310 23353 13633 25034 19114 10636 23716
17217 2798 22609 27916 2767 29493 30946 22976 10945 6257 27847 19583
31922 22589 12388 18409 21426 6134 14088 13604 9009 3201 4074 7560
4771 10362 14006 14917 16278 23773 31008 30755 7116 14020 22391 8956
2151 30960 12545 23769 28165 20431 29599 5480 11682 17321 13713 6842
17834 24722 18026 2555 3938 3332 23606 32012 27682 20261 9144 13374
402 26521 16743 911 23064 12327 31787 7983 4015 28061 14362 21609
28898 13832 32202 9823 21325 8078 27896 16731 23563 10780 25272 29352
20663 27680 32473 4283 12280 27140 30048 9021 8542 21634 23965 17379
13160 11209 16088 12449 17990 26945 25740 31130 12619 1472 16162 31395
8707 14508 16850 27818 20771 2097 8136 15115 6068 29992 14203 16181
3408 9920 25595 5298 29845 13472 14230 4518 32139 26830 21429 26016
17447 14897 17136 26536 3348 20695 3557 29696 22382 19079 7740 13237
23079 25318 8387 13431 4720 21517 32032 2223 28869 13012 8625 7361
31527 27368 28876 14567 31166 26419 2897 4634 5150 29397 19382 22859
2044 30320 31781 14504 26229 24786 7382 17279 4613 17378 23969 18038
17723 30180 29068 21657 20884 27443 10147 29504 16755 14767 22575 7876
29988 26201 4555 29967 21843 5293 11997 22562 29405 26195 29824 18124
12428 146 12513 21878 4046 22706 23123 23503 12409 2182 15982 18454
30732 1687 21123 24440 1127 18554 1855 30350 4755 7890 6099 15809
29724 3448 30997 1093 8944 1813 10374 15571 7494 15226 30990 18575
29430 18612 23164 17910 23957 7472 25920 6761 1547 29829 6892 7230
28805 24029 10908 11973 10751 17472 3679 8042 2472 8316 24526 29340
13083 32243 1831 23930 7582 13105 5955 29595 5883 29991 29861 9588
3830 5438 18055 6710 3081 18259 25496 14020 23665 11745 21171 4677
18749 28106 14289 6122 19987 30064 14560 14119 5290 28158 32154 23459
26437 9813 25522 31897 17637 26328 3729 7717 16307 19973 20249 16942
31056 14388 14640 22592 1611 29653 25201 17672 16016 7783 12534 10768
17393 21690 21616 21569 21006 12976 25738 29487 25436 22230 9082 25656
17729 1415 4108 17580 15591 4547 15693 11865 10943 15943 25926 11161
5540 31921 31342 10195 14255 3741 12971 10181 6696 2022 15123 13640
15718 16906 18094 4246 11835 29503 31730 3141 9190 5796 15031 31894
2931 30236 23704 9799 7372 17754 28172 3841 20808 29304 22699 29127
7772 641 3657 937 10756 5648 20562 22745 25548 11723 2309 1496
25060 30195 17065 12561 7317 12423 13631 31734 991 18179 28021 26256
10552 22899 20028 31568 7752 23764 2156 12075 166 19056 20722 32165
6033 30933 5965 1296 3752 4330 13315 3370 27567 2527 22152 21068
22764 4445 17986 22114 1724 22770 19201 25298 26699 23435 10752 1868
22064 13055 20036 9812 8155 16301 14976 30599 5965 24816 23932 8147
785 32227 31263 19701 4439 17540 24057 21864 28675 7652 11394 26702
2205 14879 6898 11907 30480 3122 31541 10214 4621 22125 21962 4966
15904 19039 17957 22212 3501 30514 13308 4412 16372 715 7109 24121
8401 6488 4234 12347 19103 13224 30857 2442 25780 5547 16334 17272
15643 30404 23772 7235 8326 27794 3342 20567 17622 32201 16604 30367
24878 27310 6764 19161 9766 13418 25918 6535 18980 17367 13507 5990
18375 12989 23206 6667 4991 19905 22170 23680 11103 11828 9466 28049
653 5803 24091 24320 7706 31649 19538 22497 8696 17697 19099 18328
8052 15754 360 11950 24145 29055 3822 27639 24798 13361 15098 11242
16230 28656 14894 21977 16332 15707 32360 686 13032 17683 10223 26124
25129 16404 15107 838 5221 8912 14828 23282 4021 4329 23300 743
11576 22351 18649 28539 5141 14303 16305 22564 31491 23120 31545 10374
5774 2969 2442 4416 8523 11 10568 1250 12648 21575 9770 17281
27433 9466 16891 2419 9854 25731 3448 24867 4872 18027 28132 21196
4315 26717 30116 2698 15465 26706 32679 26351 7817 30952 28302 21286
6946 974 10289 28772 21825 24521 12146 3213 7886 9019 7081 10212
2917 16294 31406 28163 14616 10032 28106 11845 25010 14642 14430 23112
31745 28616 31373 31648 895 13615 25587 16715 17556 3353 9513 23964
28819 30472 21949 12914 8514 19311 10150 10567 19173 23453 23303 23305
29299 1362 8270 15333 1287 13321 30081 8086 26959 1500 2746 24639
5839 17868 31151 31348 5216 22735 21920 15470 31858 17926 27288 23800
25389 29425 27506 25135 18804 10652 28071 16947 23346 22574 1615 22385
6778 3714 15334 7078 21670 7923 832 7855 11901 13050 6426 12135
27707 26577 29418 6149 12015 29037 20715 6438 12445 24300 2978 839
29904 17072 31246 28456 29615 16904 21668 12908 8969 129 28740 21558
29803 30572 2394 8940 24476 20991 31203 24519 12002 19353 29441 25772
4292 27569 24882 14104 16124 27877 28097 18490 13531 21410 30301 31510
16306 25615 15450 28681 4828 1642 15623 20947 16105 22485 16299 12257
8547 17693 19224 17403 18096 5837 13088 20795 17598 21365 25407 2406
23491 2224 14404 12470 18699 17800 3035 5613 16467 22880 488 25327
497 13346 32273 11247 6614 30478 21793 11552 23865 1310 6289 13489
2531 23278 30078 31592 11721 13132 27229 19495 12946 16293 5568 14002
6876 10006 18303 7322 595 27086 10731 12978 4407 22079 6515 27056
25152 3966 15742 30075 13401 24474 18952 12470 15818 14846 11653 10478
26119 8319 12273 12127 24951 8625 18744 21675 21111 14526 30038 3653
743 17546 24585 10008 25800 14595 19247 21274 32124 9898 13811 16631
26552 7160 29319 19921 837 31019 6764 28031 1920 1376 1323 2799
5194 24781 21754 11999 21409 11461 26250 15199 31688 25950 15616 3562
20034 10647 9668 9121 26256 9509 19762 26501 5723 30784 32743 22554
24472 20555 8220 17889 32630 26774 9983 22941 7181 28797 26736 22003
6180 16658 9363 23562 20555 15984 19313 14277 17450 25140 8243 13134
4928 5112 20628 31031 26220 3265 10504 2339 3334 9657 15824 22103
9250 26361 2331 7874 8520 20965 21689 27962 6173 28478 7020 8003
10353 23671 18604 22583 14391 30753 1800 30631 17609 8850 19600 9395
6890 20842 21757 26010 15115 10374 5625 17551 10231 6566 6212 18550
30886 30765 1162 21861 3275 7439 7057 5502 13134 25831 22668 9991
31369 28073 5631 27801 2429 4352 21711 4679 12959 16433 11808 23661
6244 6715 16086 10493 15206 20227 535 26176 17375 8223 29144 29624
25634 21134 1863 31852 19814 13503 12183 16575 28130 26856 2010 10170
25084 14886 19993 356 9216 14971 15096 7896 15581 9458 26267 30182
28992 23054 30703 5910 28796 5262 20247 2889 11693 2839 19972 14433
3553 2079 26066 24677 15602 991 18818 21211 25222 9114 11625 8438
6507 31702 17428 10502 1825 12801 11377 25758 6815 6455 14689 11990
16756 22458 16620 27655 27284 16025 23757 25643 26852 8544 26413 30011
6369 14750 23847 28427 2886 25378 8208 9930 23664 3189 633 4154
5543 20042 2679 19342 31704 28580 11487 8767 11587 17416 16953 718
29149 2340 30690 22729 13561 26260 20612 20276 13581 3191 5447 6567
19513 1198 30271 24421 2417 13869 5343 29599 9242 28978 16484 11708
12170 14960 27916 26760 22183 4268 22730 1283 13356 32213 27755 14784
16333 30703 4376 647 4245 31876 2443 17793 21815 20997 29142 25413
31261 21192 30093 21816 7298 29745 27253 23566 22470 16532 28062 30285
23238 21651 18028 31711 8411 19791 9107 22474 21555 32099 12193 18960
14534 329 13109 32280 3388 8817 32635 6673 10034 7584 17424 12695
368 13425 16925 15566 19750 15043 30683 7519 31923 31891 25552 12755
23880 25754 31309 29871 13555 29344 5716 12618 14912 24681 16259 23677
27577 32711 6236 31388 27934 10293 22174 26609 23562 26300 6465 21621
3800 19143 29194 4753 10755 24526 4793 27626 29903 2814 19139 31723
13602 6234 24558 24914 2436 26315 29057 10679 28792 2972 29435 28160
30996 13303 30828 7258 155 25818 735 8983 25962 26489 1514 8993
8248 23019 11848 20855 31592 17347 30972 17856 94 23264 26374 6150
22367 30641 21739 14537 21640 29654 7700 3780 14064 4539 17987 6158
4714 5158 27984 28214 29596 25298 32227 400 13134 8540 15439 2086
21567 7485 15824 26308 27667 31251 20973 31430 3142 30680 21264 30077
15677 12637 1496 30182 4119 7402 79 6007 21330 1249 30587 20229
5767 17765 3423 6320 6802 13122 21802 3383 15764 871 13386 14825
16153 8614 19323 22132 9584 32663 25001 28497 389 8005 15869 26704
2813 14402 15242 12609 30222 17649 19141 5252 5628 9245 17961 19506
15411 31730 10240 16696 27637 26596 1179 10409 6940 1850 19075 12901
21179 11264 29489 21632 26846 27966 21173 11088 23973 14366 28684 18693
7334 31803 9372 7277 4255 28023 24243 4024 13851 22509 19894 4455
19590 19524 21931 32286 14801 5250 10869 9144 12584 243 9849 10722
20889 17319 17230 24432 22610 6655 1752 5088 3839 14233 26665 1174
27224 31066 23257 1444 2335 4781 28505 31368 17954 7107 22441 18826
8805 13399 31143 3579 5981 3848 8654 3217 20848 13557 30735 20094
24483 9066 24606 6649 30288 19178 7918 15728 9310 18186 13281 18943
24296 6413 29070 18764 15540 9879 15189 31322 2194 22217 20965 15685
9523 31346 31202 2218 31843 29734 4641 28846 21597 29116 11875 16196
17450 29281 30446 21258 1860 22383 23776 15805 2328 11145 30715 23344
2591 7544 21287 26628 9565 16753 11743 15925 14023 31158 19901 28876
2805 7652 15708 570 27446 1049 9499 26836 4146 7933 12108 32008
28802 7201 27703 19179 19763 2584 30747 4782 12820 2751 22454 9114
29780 3368 1695 20457 30209 26447 13317 8 11754 1644 28709 10902
6943 13516 7010 27481 24384 6344 13941 24625 31349 25776 11186 1928
12140 32348 30898 16179 21902 10691 3173 31719 13646 23842 1321 32207
21007 3305 28439 8154 18318 29242 1810 29601 5592 18129 5758 1134
7562 28299 8212 14343 10210 7437 4458 1790 12518 8714 27119 2668
4206 32156 25006 7227 2281 15066 29282 12195 19934 19898 16092 2641
3440 4116 27366 28476 28612 32151 27289 3440 27397 19486 8196 3655
8428 14342 22590 7730 791 9386 14817 14697 28662 22747 13851 25084
3767 21555 32327 1512 26232 8723 18828 20213 23386 8402 26378 2246
12124 935 9756 6462 26473 28027 23567 11298 18505 29222 25203 3401
21356 8893 17147 5427 31527 24736 25473 29869 11998 15838 22653 9027
9493 19622 29609 14165 25321 29392 3989 23344 31381 2593 6917 4885
2361 14886 22819 9641 17717 28313 16060 24028 26643 659 9483 12039
10179 20746 16815 3142 30116 13020 11200 29714 27214 18167 15400 9902
14847 20078 28254 14888 24422 29798 1809 11969 22434 5772 2027 7258
11429 14816 30920 14786 10014 22680 7263 17208 15738 22007 28833 7176
28268 12731 7393 7367 2362 4510 17161 23138 6587 27429 8342 9595
27828 24507 6407 22963 19429 28817 2401 30742 3354 25964 15919 22744
31455 2943 31753 1010 23735 4466 2218 3044 23519 21142 13382 9753
23589 15464 9289 99 4441 12806 21494 29735 24760 4958 21372 14747
15891 2012 7528 16695 13483 7901 5841 13660 25820 22904 6218 27853
9099 21064 13772 2313 27585 26827 3228 6053 32673 18858 5426 17936
5665 32261 21793 14154 5871 21494 6473 10986 13703 32048 15 13964
26776 961 10160 24195 4232 28361 32060 7792 10091 1872 22055 20272
10726 32593 19848 24876 27097 21549 6772 4560 11343 10677 32097 16497
30685 9752 16863 16346 8752 17280 23476 17343 25223 21091 5554 853
5234 6470 30338 9964 1244 17459 16562 10915 31214 9131 31648 796
16724 11849 409 11628 11964 2754 350 32498 6677 8340 12451 22159
6879 20319 10765 27863 24135 10790 27632 10717 8537 10434 12747 18766
15895 10734 5902 27229 22447 25875 25601 19952 5784 2849 30475 10749
31555 4505 2819 12064 9833 5347 5820 20878 25184 13002 12629 1150
14216 7313 20807 22733 9829 450 8024 30298 23605 19805 25480 18369
32487 7222 25361 17455 7513 6494 8412 1992 8853 4067 17191 4456
7824 20314 14940 7227 11766 12611 31341 17934 151 26632 14294 29234
28920 24326 21610 15844 4145 20666 3649 2183 9701 10227 28769 8903
31981 23804 32458 14079 16600 24486 25352 21016 20019 7481 20926 21627
30767 4353 31950 25853 30736 3540 3024 21875 14643 28794 13105 30608
25706 10352 10085 2961 32310 17405 17320 8327 21370 10528 6042 12209
16291 2921 19166 4498 18243 17503 27383 11300 10639 6915 1504 1035
11485 6828 18203 30462 21074 14257 27168 7905 3318 14262 26741 5382
29324 3038 18458 26658 21655 17280 24700 3147 24993 28293 65 22293
19975 1999 27820 23720 23802 21900 1347 9065 591 15672 640 24652
25770 8714 27462 31046 12212 6441 2389 31751 31728 3339 3700 1854
11489 2193 16114 9945 19110 10970 5304 5291 16381 11444 378 10489
9760 19277 18850 20163 7021 23833 28854 23846 4034 11312 11529 29772
530 17804 8535 2828 4324 3788 9094 23457 32686 16481 21461 26144
6858 3599 13704 18042 5686 24770 6624 24499 4757 15579 6323 16753
5766 28387 9513 21328 30608 26818 21751 20068 26127 2122 30742 16844
26593 2666 4905 1618 18415 18445 32565 12929 30058 21642 29933 10680
5662 17821 1884 27808 13246 10818 31836 10331 10559 13642 26132 32120
4324 3193 7910 15307 12709 516 29117 22983 30213 26918 28357 6857
21199 24487 964 25235 25245 2622 11169 12136 5532 23472 21771 26675
8253 18265 23460 11333 11772 11870 28744 15729 8988 14840 2604 2474
12675 15534 28767 5861 22837 25470 12431 15612 4607 22029 16349 2874
25179 30006 30589 26669 15148 571 9455 27680 57 28300 18889 443
30775 4103 29490 13774 2773 26162 10927 660 7778 28901 174 20656
30959 17279 6495 29038 3898 19130 17027 28262 4834 27823 32560 17979
27243 29398 31654 5747 1437 23267 15745 9718 868 15391 19535 12664
28367 5308 30022 30464 27541 21770 13060 1384 7420 14388 8716 1147
26563 20586 10261 11899 23301 25680 31334 32376 8169 20458 17341 260
20441 25946 18466 2100 16099 18215 30594 21185 19387 974 27002 31287
32599 31353 15655 5183 408 31117 28331 28275 30849 14264 12220 15482
15741 13944 18040 13649 866 25839 23951 9820 2820 29378 22258 19323
18524 26833 4625 15497 29497 22743 13784 7060 15502 27073 10889 10343
11938 18411 14428 24963 14114 28629 12805 6931 13192 31188 8026 30536
20765 307 1625 23069 1268 28263 21726 32116 6717 30001 4712 9858
22963 20858 30786 2023 32615 7018 1700 21806 234 22243 4369 7409
24192 22747 26433 307 3672 1090 17930 6023 26523 12098 28058 21310
10669 26988 31617 5776 6482 3933 29049 28515 5889 4440 19042 13568
24865 3481 23487 7524 14722 17553 14802 18880 9898 6249 23634 17058
17807 21445 30784 25359 19131 3736 20688 11446 16122 17506 20415 22342
31357 26570 11864 16143 10022 31938 29822 7334 2640 23177 1079 24599
18434 10027 18681 8540 19477 12754 5740 19400 31739 24679 21492 1193
17058 18619 3378 6091 28188 10647 11102 18828 20808 4732 25296 25906
5048 25993 8721 20368 17153 5400 11375 26347 27733 27563 973 24018
16798 17266 18433 23952 18614 21245 11752 8222 23299 29320 845 2986
7405 14885 11921 23837 27791 32288 2593 9228 22910 11234 8779 17284
25342 18147 15458 32395 3944 10398 17035 25561 31648 5255 26902 19089
15717 21114 27735 4682 25862 9076 18958 31856 16753 10900 12594 8666
9345 15301 19670 17827 5339 32462 18063 1090 24550 18636 8179 16550
5799 21096 22553 11749 21070 13238 17594 26701 19496 9178 6059 9391
31463 4173 28411 16544 9248 29282 23048 29259 18274 6184 6284 26243
29906 11579 21463 8928 20925 31962 2147 27004 30497 18782 4589 700
14345 8270 32436 6063 361 24030 22703 30140 12205 10205 19998 13020
23081 30178 8830 11678 1419 15150 32215 24124 32291 27575 428 31145
27811 1854 16670 21509 24303 28534 20069 6101 21342 30940 147 28983
9421 19939 3988 2726 23400 22218 3815 8569 13446 6825 319 29527
1178 14664 31852 20066 10457 28345 32209 31797 13093 5409 19588 15597
14854 14489 1275 20555 11061 27954 11376 6616 27292 17987 13974 689
24275 4394 266 4009 18049 24362 30433 1187 8304 23721 12928 10236
18962 5102 13848 15137 10240 25917 22256 28437 5814 18415 17898 22504
6541 17494 10928 10206 2420 16780 31563 7436 19848 17299 17792 9777
12731 17404 6455 12867 30195 22647 14249 23879 11728 20568 27331 110
23731 13786 10710 20586 10341 13203 15072 28919 5886 9938 30383 14094
15391 20713 9059 27844 27025 27872 5614 26946 10888 1585 7121 28983
2610 7468 24758 8290 15789 18349 23118 31862 21509 20786 31508 7900
8463 9221 4520 27349 30598 13651 7540 25370 26446 28029 18222 30919
31229 8772 20819 27771 7427 20751 1525 24457 19866 32322 18474 25442
4119 12596 1220 15005 22678 5668 16837 13499 7311 10887 14408 8535
31043 30854 27994 28237 16354 26708 10482 25218 8152 19868 26131 7188
13854 13593 21349 14241 27284 15705 22852 17784 28926 29491 25033 8232
21302 12042 5430 20986 12316 18373 4557 20853 6096 5703 13752 244
26768 217 22157 4469 23371 23006 8859 19246 30037 25569 4348 27913
14044 25970 24522 26199 3465 29527 12621 26056 27431 1307 30344 1405
5268 19428 9323 3171 27656 11598 31393 2763 18040 12439 22748 11595
24147 25211 15550 1118 5021 913 18141 7309 18793 20983 28118 18644
11617 2456 5520 20906 3418 14804 17833 31064 16443 7824 14242 5481
16677 11749 19260 28795 23559 6670 25921 21208 3177 5916 26439 4266
23785 30957 16314 27823 10410 24223 29955 27762 21650 31507 28808 13920
2257 10526 17907 12621 29012 26546 12820 28468 6072 21804 25628 6566
32370 5886 7057 7593 31455 32575 17202 16022 11485 15024 20800 27241
18350 6840 32233 27336 9715 14014 17554 8983 31509 18879 17122 16412
13394 4352 26067 14538 3522 4347 30954 31549 9516 13140 644 451
20655 13886 26008 1334 20630 24196 1077 21805 15747 891 15519 16166
31521 26424 11882 30082 31920 9407 7419 24045 15569 4921 20863 7966
12063 27638 15054 20627 7751 30517 135 17047 32582 6742 20692 26961
27070 26079 28488 31861 1217 27473 14616 263 19116 11624 25550 11232
9338 25425 384 15506 16549 12179 14998 30981 30447 5125 8369 730
2176 14064 28136 29136 16293 8971 30597 3030 19418 12445 26603 9838
11842 19359 25257 6785 10783 3570 19582 6667 7949 20734 2384 10965
24359 20227 27999 6644 11317 32449 21779 5610 24855 22479 5547 23556
20684 10593 16894 14774 3653 999 22237 2909 18993 31336 24501 16085
15642 7827 6255 25332 11982 9265 22508 6423 23561 5292 20372 15461
16291 9571 24719 8195 23941 25786 3416 11563 10596 13262 14312 12811
12297 20732 3737 11475 11739 11536 15275 11774 17072 3245 29256 3130
29639 24205 13346 24217 24291 20928 23903 14619 27673 1865 29465 16116
23193 9076 27595 9712 1774 4186 16963 944 26047 10141 32196 30653
29374 14860 9668 14960 12797 13138 7602 25811 32751 31365 1094 18031
31631 14273 9305 9929 2112 30300 15049 2850 15600 23577 17901 5151
8395 4935 19758 18169 22539 5259 23216 2526 27447 4301 14815 13293
23839 26090 6879 19551 7907 1860 20340 5199 27576 12497 12512 4797
1609 19676 10277 24753 19729 21624 23044 854 23512 29347 30054 9797
11763 24708 12296 704 13350 27570 5206 27168 13454 10352 7314 2871
5955 24044 1445 27461 14063 17883 24422 29007 17177 27331 21833 21455
350 5995 13398 5942 9352 3746 30963 27066 20835 23033 13585 16975
4797 4867 25823 9151 29666 13429 17576 13274 75 5844 5533 10193
15859 25352 32528 19835 28260 11807 21195 14900 1958 18674 25010 5619
9283 23988 11924 15009 28785 22970 5644 12172 20032 32424 28532 19222
28528 22403 12392 17657 26514 29964 13622 11315 6942 5876 5802 10934
23662 30361 24754 3415 28224 27181 3317 32701 28806 6739 29540 21554
25587 3327 24152 15797 30108 4930 10948 419 7083 13256 18085 8090
22854 19909 25646 26363 7938 943 590 6912 26877 987 24792 15396
13475 31143 1075 3625 29435 30196 7353 5133 5380 28200 10541 9015
17348 6825 10460 14135 22702 10104 23582 4405 21346 29209 2622 15278
19849 31656 9550 19514 17702 29708 31790 1454 4131 2049 13518 30869
10657 23910 8191 29249 13122 23119 9394 105 9100 3367 12122 31882
28687 13702 14879 26497 5277 3542 10758 14105 6403 16190 10804 5190
17718 13784 19305 4568 15372 31418 29022 7456 27793 28600 26431 4821
10842 15850 4747 4972 20904 12116 31873 6773 11137 20733 27012 2037
10461 4744 24799 9 1807 15283 14357 4892 20826 12174 21865 10844
21365 18996 29223 3114 23983 10622 27487 18001 9274 1346 23537 23515
10741 17799 17672 19045 31518 19418 29621 18921 257 11491 13379 16062
32390 23331 8063 4552 1447 25100 19714 5164 31921 1017 2524 26874
9766 15434 22216 8431 18654 2638 14136 31243 14334 21828 12922 17360
25068 32606 13545 30511 25636 19501 26104 16482 13104 20213 25189 3231
15270 27447 8403 17386 2242 9667 30832 22317 4008 11840 2690 31729
21557 13954 16484 13020 10444 4371 10027 14871 28579 26559 25086 10471
9714 32103 5937 21951 12103 14637 2613 20316 16826 17277 1292 13148
6388 27698 80 25079 23647 4558 12052 30097 16837 3575 7762 14047
16849 9812 3365 16486 16555 26477 20408 26826 32242 24070 14627 28013
16999 13854 17491 24996 4073 13020 15589 14389 17262 8805 27747 7425
23455 24252 12414 19420 4927 24884 22578 4459 25803 1781 4125 32485
8994 19357 1672 30794 26830 31903 1976 31622 21080 26295 17724 16331
27012 30552 20758 22115 19193 17133 13045 6043 25819 11112 26843 19860
20556 30793 7831 28346 9319 13479 1631 32512 6340 4161 15427 8994
16338 6343 22514 6996 20952 26735 481 370 2860 17434 24950 22824
10335 17921 5379 11991 24211 24640 15241 23612 14475 2310 13307 24170
10636 21385 32062 12734 620 17384 31602 10209 24346 18879 29828 17713
28653 31248 24520 25446 30573 15894 22448 10562 29519 29005 6480 29130
12682 13758 29161 14659 31391 14322 12303 26852 10758 16493 26614 5886
11877 7254 1663 13305 26858 12745 15073 11899 21368 16873 23414 19682
10335 17954 32 2733 14618 31004 16118 24324 11024 670 1533 27062
26538 530 13228 7593 26888 14341 31122 12739 9790 471 26778 30461
31795 8617 6395 17959 20796 24018 14335 27636 15145 15700 8952 3521
13141 13028 23281 9835 23637 1902 4650 10486 24834 29416 3801 946
19823 4202 29865 16953 31763 27003 21235 11438 31622 25859 20137 32089
2216 11256 19003 5531 9251 7745 23623 26503 31138 10953 15947 30028
32115 15815 12200 1290 8835 28937 11814 28265 28998 31948 28310 31479
3034 13061 25452 25716 15970 21744 5725 22687 22000 13405 31858 25231
22500 4716 13888 25321 29224 27294 1157 2726 19130 18804 9431 24143
27389 17623 23490 26331 24601 26568 21707 10806 24448 7844 27746 15144
24980 32449 23829 18112 10219 22168 18934 28169 21589 16022 4316 14784
14535 23774 19157 13882 29441 27850 8020 736 3888 16675 5121 4828
1834 8574 3239 30727 26031 30663 23087 2892 22661 17728 17732 20773
7639 11897 25700 11203 22452 18242 609 29996 19656 6746 23004 10763
476 26743 7764 19519 3728 19957 13889 13956 16695 20668 4611 23126
1365 23899 20369 3200 18552 2858 4247 27770 27 16548 10544 25322
6748 18872 7619 5624 2157 20479 7710 8413 22279 22886 1269 16449
7244 7346 4303 23862 21038 5744 22944 29753 29228 28376 31092 29482
27372 28026 7237 9225 4228 31742 7110 7232 30955 17168 9396 25932
10382 11768 18549 14046 1185 7681 7891 2306 4846 7170 7593 3916
30083 18412 29704 30858 26783 27113 6686 24065 21699 6800 7033 27817
10435 18514 10859 864 17513 32251 11378 17376 24302 14427 3714 19799
22397 550 23479 3319 31982 18058 15387 25704 5824 25141 13381 16297
6285 9637 18206 11678 8027 26101 21806 25368 26177 24998 6936 8442
9149 9451 6775 15010 7397 22621 5191 31820 5160 9941 15583 6830
21254 22314 9269 20983 29373 1699 25420 25932 15263 25766 8079 15007
21700 15258 19463 7329 16944 9634 1418 21361 27871 17638 12725 6416
4340 11119 12147 28701 8365 28370 20254 30025 18570 2408 19896 13502
27335 1429 18785 22392 24479 25719 7333 18285 1990 693 4589 7434
20319 14684 4664 21387 28811 4095 22292 7976 13366 2490 15866 17935
18612 26985 6440 24222 6478 31370 8529 30078 20869 12064 9025 9601
32716 1790 13785 26199 219 29353 30572 6612 2275 14893 14263 31893
20541 8199 29989 10628 15881 24253 7886 4563 4641 30670 13727 8677
6536 19674 6822 18644 12214 5354 15140 30043 27973 31779 558 21830
7358 8819 27655 27825 5417 26472 32538 16093 15846 3842 32744 6196
19229 9851 11649 8386 24779 3539 16389 16991 11409 13427 7561 15796
12741 13482 24304 7400 7171 16005 22626 17310 24407 6706 720 30403
8815 26393 19533 29945 19134 23231 27811 29935 8554 23014 17517 31169
15613 9984 11862 25052 22536 7652 12945 7336 6969 29866 27983 13421
13401 6233 21887 13095 5836 19202 16964 6852 25161 22219 32385 7497
20358 4136 30927 1613 1357 12167 32379 2439 12061 14613 22195 15609
9602 13602 32602 3029 28636 54 2094 17738 9190 4286 18665 23015
5948 12810 27355 5216 1079 26434 19133 29704 24679 22198 931 31012
25341 9127 24955 10716 18370 24986 27834 1073 18949 19287 30574 9191
17307 8823 26444 22391 3757 8799 26298 23267 13186 22315 27557 19662
3667 12870 13352 25263 7122 20620 28615 13382 6402 1545 24012 18378
28387 7039 23129 19974 7229 1908 10262 31389 1862 25092 17422 5472
8901 27098 17440 26790 17863 13622 4265 3491 27309 13968 969 10326
20414 2802 18570 7174 31913 27058 30462 14981 16117 29932 2951 4915
20377 5804 12293 27859 19450 23083 1271 13669 6479 21814 280 8743
32034 6434 23242 12953 13162 17397 11275 11127 13807 7576 4058 3975
9612 17287 6996 22632 21347 24273 2849 25501 5002 32694 20256 2145
21455 28500 19071 7334 8795 24437 10363 26625 16679 17873 22542 22698
12695 31242 19940 3421 31715 16986 25841 12149 25458 10891 15143 15284
30838 18245 12032 32142 15943 31523 698 16371 18174 2251 28718 4481
21553 11816 1588 24697 26365 14721 30081 7419 22706 23473 4417 798
21803 5971 7324 3497 752 6715 21855 4300 1644 16166 2705 2188
24636 20771 32203 29034 9111 13003 25931 20876 5594 15998 6752 21916
13439 12087 32468 18866 6754 22702 9443 24471 30786 23266 31137 26942
7611 5615 13738 19262 10180 138 16676 28765 8970 2905 16730 18819
28833 2385 28453 14310 3270 21810 4373 12820 317 4212 2373 13165
2496 22647 2516 4522 30331 9878 26166 1917 17273 23516 28667 9753
28264 4677 14985 9097 13656 18968 6069 8307 31801 24033 4197 12179
10528 7924 23869 28987 4013 18470 2580 26777 23668 6291 1835 27735
6808 16403 24783 23116 22220 3960 13979 17386 32449 24860 15276 19689
29776 27357 9652 27041 6684 19090 27896 16562 9790 29370 14356 28433
25376 30685 32010 27295 9225 28423 21641 10848 17918 17561 23538 19177
11269 14352 18862 3002 11120 28333 16016 602 6321 20447 28458 21185
19120 11860 24579 13675 14736 15015 19608 26796 7324 26336 13302 6202
18627 16871 27076 3735 5118 13996 5953 31701 8471 7593 25697 18879
30103 13682 4185 5502 11206 9235 10413 17995 6931 12400 20695 5901
5296 30006 21117 23880 22640 22679 19535 823 16480 11569 4008 26
1866 17051 28077 18631 19204 12490 25338 23037 17929 6476 32631 1762
8862 23471 23477 27054 18993 12936 13611 25895 8791 19296 26779 17753
3905 7290 23782 21853 1970 21526 19443 25128 324 25514 1987 28795
22959 8965 30113 31039 29126 19565 22131 29750 16154 27153 23576 29340
911 26409 24919 26839 16384 30804 9933 31035 24059 19213 24647 7646
284 8843 3323 1458 10840 5840 23627 29319 19182 2136 1562 27374
31229 7771 16595 7574 1064 10102 29057 7383 11633 1674 10708 24079
28916 25840 5618 29625 10867 630 15834 23183 15452 23575 11119 21711
10309 1460 9999 3496 18390 52 31961 19924 29957 25467 20918 25033
32148 16115 29301 13034 21184 25578 25190 14565 1364 10684 7089 8001
13355 17234 23751 17836 24387 86 23838 4709 21019 8838 21709 6116
18201 31290 17445 2668 5430 26581 8760 11718 31708 18087 14338 19447
29166 29375 31015 8354 9915 4532 247 4195 8821 23744 28694 4685
16274 18377 14275 2783 386 15360 20900 12815 19303 2265 13550 13755
18443 7940 24299 14007 22900 165 6815 26464 30053 32071 27285 12591
13495 6099 19579 25417 481 662 25470 13465 23110 32298 16088 2742
23337 13279 13743 5810 18381 11769 25717 29814 6715 16567 2789 32100
1472 15980 18556 25754 26252 8175 12711 7609 2296 31059 27175 29449
4248 14682 31052 4792 7065 8684 22806 22469 31233 630 17343 26456
6844 28688 22103 7779 5642 5355 31605 25375 15432 25131 6765 2127
17562 2059 11551 2220 12523 28126 26187 1808 25363 13086 15102 13774
8357 20943 12207 24603 21157 2012 8542 28606 19206 21661 26393 20297
29375 9431 15937 16223 13497 14876 23566 27455 11011 10245 5422 20930
25867 112 24252 13770 5389 25930 3319 31529 32515 18330 29196 8037
21214 7650 8668 6415 24808 17168 925 3219 22054 4761 8658 6774
4997 10906 2639 5374 2434 29362 14626 6642 2630 18497 27602 21975
19609 928 21047 20700 25025 29167 10559 12825 23531 20371 28594 22971
20887 19103 17199 25473 31359 28304 2014 11989 23549 28852 725 15248
16482 6811 26577 31775 9273 29189 26153 27152 28485 26670 28379 6011
23682 2087 32647 6128 21471 10589 17041 28390 5101 20657 13690 13375
15489 25652 16556 1282 26285 2891 15194 26815 3021 1159 23429 12005
2631 6411 31796 31885 11652 3530 1435 20935 5456 3517 16391 22395
2958 15858 315 7258 12088 25145 11812 3256 19102 28022 7222 18520
20665 22994 8102 5174 3458 10092 23886 20110 8792 30715 21915 20459
31947 7094 3359 12304 6242 285 23895 19017 17802 11195 13712 10208
4308 28543 22558 29901 3484 18926 30054 22344 3550 8376 24584 23727
13878 19441 31880 25047 4257 30214 23201 23892 22655 14785 22461 5372
2567 30254 4439 7258 8281 22750 4347 2039 1802 24549 23001 25620
14340 12504 276 28298 30542 32155 30493 20488 1385 20798 23370 4942
4692 500 32025 8336 9978 5578 7685 6279 25717 2087 31941 6391
7517 3866 11292 9526 22573 12933 32574 4368 2456 11435 22564 29382
22142 11577 15093 20739 30550 2802 26004 12054 7097 20789 10455 28346
8789 17129 6998 31535 31575 17640 7523 2002 12875 6008 32384 19001
1115 11643 16694 3964 26919 20313 7906 17486 12186 32365 24557 5036
23328 19339 12245 2297 18713 23250 25328 8987 27336 17808 16292 30424
11633 985 16061 5129 3722 21126 5611 11602 6079 23327 5220 2848
7914 13850 11153 27878 13798 21388 19563 23547 24760 31598 18245 8548
1312 19276 6553 12399 30771 14861 22659 20799 10936 25626 2922 12590
3001 17311 15470 11587 21186 32484 21776 19262 7112 13686 6634 1517
25535 22279 23456 10345 14975 11196 1080 21582 8564 2603 18740 19262
1625 1152 8879 25169 22658 27170 4889 10690 7573 21380 20399 7404
30370 12274 23159 4014 4501 10642 23256 20040 5294 20978 13270 23166
21113 15871 30858 31976 6703 22957 15803 4366 22712 25363 16440 23333
7430 15776 5540 30172 10 27474 29484 5714 10261 16825 847 30786
25909 10341 18987 5349 26377 18832 10996 10903 15545 19153 15835 11142
11652 24301 14516 29842 19531 6240 4967 27597 14453 20954 6769 7449
1055 17909 262 1873 4866 4741 2747 20127 20221 28602 21176 21384
13941 30425 31027 10230 20690 21478 18690 32613 27074 4605 20239 32531
24147 29859 10940 28488 8834 12075 24607 26629 20932 17338 9747 25465
24164 21624 23554 17144 28210 22678 1915 19328 28956 11046 26755 6257
26527 14454 3866 18300 22686 11793 15342 12833 13502 20190 204 4659
10313 8306 30313 13751 11482 27032 22053 20371 23872 14177 5420 17721
20191 21102 20657 18678 26809 32643 17298 27132 26060 26867 229 25519
19502 6803 22407 32472 26015 29790 28325 27062 23028 25887 6201 4784
12063 24976 3184 14622 14686 26456 6808 6459 12405 3574 17014 2333
9311 12307 356 1328 24548 10086 17657 5033 24935 27864 2588 25074
11605 18467 16089 28758 27073 9777 3255 26714 10274 29306 18801 16133
32608 21000 10414 30182 9235 333 2025 28754 24872 20218 10892 30535
3323 28224 26883 32481 15511 338 2116 1081 29421 19081 13124 24725
2807 10426 29714 3021 25672 21140 6116 19373 31164 29265 21427 12427
7724 7018 2966 22050 5368 21580 26440 18702 28063 6970 14914 25694
10201 27317 17374 24989 19304 29818 10070 20748 3225 20421 27547 23358
6834 29285 28637 24144 30622 18732 3996 2899 9234 25931 21622 13747
9087 1420 29177 23118 2638 25287 20025 13883 4910 23336 17436 13306
2279 8486 5974 19765 12361 21718 26283 2365 18689 11710 27486 17326
11096 26184 15350 17687 15241 26733 4099 1038 23578 32182 27490 4540
2726 24464 9725 12036 24322 10776 14778 4941 27261 24819 18142 24204
4963 5353 8852 24308 5465 10722 3183 194 24169 6067 5747 3737
2552 7793 18142 26789 21553 13048 2868 14328 20267 12970 553 9037
20903 24103 10950 24636 15107 31808 11223 32436 7615 2547 21520 14530
7442 16825 834 3262 16358 15263 28690 25472 11752 8969 398 23878
17442 18837 8947 17769 18861 6461 17800 16725 21575 23417 14493 4261
26683 8414 6747 27100 8193 17785 12322 19505 26601 16724 14296 4786
11168 26368 24544 10461 29213 30504 3304 7195 1739 15760 22657 7065
32153 4449 14310 9810 28809 2266 31772 18816 19261 23269 14813 4408
11795 12444 8372 17758 29172 2300 13547 27407 701 31915 25385 24736
27751 11852 13377 22035 8607 9500 6129 31264 3066 10134 13818 28594
19232 26754 28095 13302 1018 17435 31237 7009 7349 29368 13769 30521
32460 14471 24157 25632 20044 1424 22629 7809 28937 23696 17513 3341
2300 3314 7064 28109 30028 9712 27703 22041 9888 4032 18236 24995
17624 255 15000 28424 6952 7175 22924 17551 22201 10880 26253 22448
8358 6620 22997 21011 7268 7008 797 12085 7059 11071 27958 15477
27570 4799 31035 16690 32097 6188 12466 15561 22826 10532 17882 14020
23349 5647 32267 20550 21960 28871 14092 4805 1228 14455 19211 32456
19044 7599 2067 19516 9162 26464 897 18249 25495 416 29675 239
5698 29699 7381 7698 673 28544 695 29467 14570 12491 5902 27083
14595 19116 14202 28378 30535 5814 20297 25248 10441 25372 32108 1835
17198 19108 6197 24238 11966 2721 4969 7639 19656 10766 13937 22488
29383 13429 6659 31883 20950 29520 26225 14335 27581 5949 786 21739
18432 10643 9273 24725 8238 24981 19828 15315 21707 10645 13220 7552
23978 31125 22737 17705 24834 10262 6360 19799 13866 22130 547 720
17675 10213 20464 23178 24294 2537 32071 4933 25936 10551 8560 30764
26313 23978 3626 13134 31552 21042 2674 4866 7535 1852 5852 4968
27497 32362 5132 32036 6015 16098 6024 5026 6289 6520 13314 12457
21035 15783 30240 30024 112 1173 5929 14574 16731 3705 22222 14154
13963 2221 26616 4027 26963 26123 13083 21121 21516 12919 31166 28939
18963 23570 27963 28443 2767 31392 19238 22668 8595 24053 19193 26932
30501 27569 31945 8001 12251 32528 10902 4528 3793 30979 3484 8958
29879 17938 30116 1977 19258 1731 8949 21715 17214 21467 29364 15339
28034 20378 23434 6668 14722 13572 27974 27065 19443 3618 8379 11176
28972 9665 18711 14358 23669 22966 1232 18720 501 20469 4570 22528
16337 362 31548 32315 33 20263 14697 27418 19804 32155 27974 21663
15951 25333 28619 17488 2325 6751 30409 22963 17927 15159 16151 20458
22435 11416 30982 19118 10515 19449 26128 26514 24913 21215 30897 20934
26077 18249 24344 26301 16532 1447 21210 14302 4458 5536 576 29625
8106 9110 29593 8393 9757 2023 32707 1364 1553 30963 22030 20587
28875 29555 18606 14577 10925 30199 30662 11172 18990 24808 24202 3597
11542 14619 31149 10312 20990 13490 14196 23156 20513 21803 9027 24882
21474 24791 6295 118 24967 2654 21909 26798 8553 20865 8123 32067
32386 23437 15861 17388 26260 23909 21908 15613 16498 13822 4578 13143
17084 31405 5149 12337 1315 1754 11874 19164 23266 26199 10655 18448
25571 1691 31674 18372 26930 499 7717 23207 25076 30630 31374 19105
24739 7512 7324 6497 24641 9043 31333 14496 14245 26911 14484 15602
25865 27564 3784 16996 23022 25920 7347 24333 7343 22430 4147 13754
9087 7131 7765 1181 7175 16321 27269 3515 15305 21073 4682 32680
15471 28090 3382 6351 26232 5229 7887 24206 4816 25232 8753 1265
5222 30662 5646 19592 7878 3982 20960 28723 28505 26551 28627 22352
28161 19906 18294 25227 27343 28994 27717 26146 2175 2493 8791 7990
18980 13577 4985 19022 8296 18477 8928 27427 27949 30385 32142 5848
27704 28252 9127 20957 17084 30082 31074 15579 7866 3462 13395 747
15845 11379 1592 7415 21940 19474 23358 29900 22532 18645 17815 26776
4151 12356 31371 26853 13907 12870 12411 894 4778 12560 20234 27137
17748 20107 23429 7797 13555 31350 2065 23918 537 1918 6388 23120
30192 14901 11735 23303 23834 4097 3269 32406 1113 17469 13518 24151
31325 5226 27102 3944 6635 15266 25663 6306 28400 1076 9729 16307
10754 3197 554 12872 17120 9895 17353 7220 18276 14053 13324 16680
22782 19146 16048 28451 6025 30320 20724 26093 19994 22282 12043 14586
21988 7912 27167 15145 22882 23786 10593 32134 15681 7358 22627 31785
12953 11372 17324 31933 13772 7825 3769 26197 10632 15850 10022 24658
22407 11283 15138 32053 19 6589 8916 24915 18792 660 28934 3736
23184 28498 10152 16164 3673 8176 30680 18313 10242 23855 22891 16157
11722 25667 17354 11098 22026 22693 3733 498 26086 32538 9241 6177
19984 7985 8088 21438 13423 4157 16182 18550 2719 8288 20230 22450
2466 7559 12582 23474 22790 30069 8292 23340 26197 7165 15972 25844
5854 8817 22053 18347 25029 31164 31366 15549 26517 13595 23230 7933
5128 25602 26650 22297 32334 31266 4678 24216 27812 22109 7592 19961
15416 9648 25888 23689 23192 3115 3759 16223 8951 13780 19413 14079
29678 12623 3653 1513 17807 27298 20702 22523 32108 28258 9174 29736
6057 2563 10319 6529 1263 14419 9752 15963 2106 19780 19094 25197
13777 24158 6102 6478 4042 27343 2779 29472 823 16205 11290 3716
10744 30489 26086 13927 27053 12462 12792 21595 29121 24651 4467 22444
7051 26159 15198 22770 5595 1136 5716 1062 11873 5812 23633 7565
17716 5500 17897 28241 19353 23282 25394 16828 29483 26914 29707 21908
7723 28671 32103 7440 11462 15104 22211 18448 16445 4846 32625 1215
25130 4378 3467 20592 10595 31240 21382 20710 726 31002 24175 9411
7537 10759 23818 26034 25521 10732 3906 31557 3092 18144 14840 5193
31112 7292 17928 5346 18738 20065 30035 28724 6594 19467 5916 3084
3053 15191 7837 6112 17271 1418 25880 26524 26715 23624 20318 20684
11782 10641 14324 13549 30782 25343 6148 26098 5715 32243 13320 16110
19471 15309 20356 1827 23963 12311 23297 19649 20528 16384 31704 25
3991 19536 19639 9795 11794 26995 19669 28622 4482 15803 28396 2266
17862 27298 26199 2238 20458 18655 20085 2578 17667 28330 11602 13329
724 20007 6843 16573 31488 6474 32722 25293 18071 14213 19025 15860
8150 26551 27064 2977 6573 19451 28664 14175 4737 28942 6998 25540
155 24665 11975 18396 25691 13807 5498 21882 23534 7447 3701 21105
20620 27763 14413 2441 13481 28837 5847 19139 859 2726 18342 7428
18253 27731 3583 14984 3333 31897 19452 18509 25463 21097 11752 31612
16570 5366 21271 10683 3522 2612 31456 17603 2085 22868 17754 23261
14144 9971 21678 8705 8467 13988 3865 30933 17336 998 12704 9930
23179 3155 21576 29559 20997 3994 862 16363 1948 16336 12489 405
11017 2834 10306 9812 13230 16343 4285 5285 3699 24270 22815 9912
20333 20356 2513 10873 3562 22373 22494 29634 8200 18774 24905 18216
22847 32745 15378 25270 23815 16019 28042 23398 11544 17560 300 9455
